  0.00000000  0.12500000  0.00000000       0      0      0       0.10762384E+04
  0.00000000  0.12500000  0.00000000       0      0     -1       0.16941590E+03
  0.00000000  0.12500000  0.00000000       0      0      1       0.16941590E+03
  0.00000000  0.12500000  0.00000000       0     -1      0       0.40205146E+02
  0.00000000  0.12500000  0.00000000      -1      0      0       0.30379024E+02
  0.00000000  0.12500000  0.00000000       0     -1     -1       0.30557793E+02
  0.00000000  0.12500000  0.00000000       0     -1      1       0.30557793E+02
  0.00000000  0.12500000  0.00000000       0      0     -2       0.16557513E+02
  0.00000000  0.12500000  0.00000000       0      0      2       0.16557513E+02
  0.00000000  0.12500000  0.00000000       1      0      0       0.30379024E+02
  0.00000000  0.12500000  0.00000000      -1      0     -1       0.24465088E+02
  0.00000000  0.12500000  0.00000000      -1      0      1       0.24465088E+02
  0.00000000  0.12500000  0.00000000       0      1      0       0.24400865E+02
  0.00000000  0.12500000  0.00000000       1      0     -1       0.24465088E+02
  0.00000000  0.12500000  0.00000000       1      0      1       0.24465088E+02
  0.00000000  0.12500000  0.00000000       0      1     -1       0.20410708E+02
  0.00000000  0.12500000  0.00000000       0      1      1       0.20410708E+02
  0.00000000  0.12500000  0.00000000      -1     -1      0       0.17501648E+02
  0.00000000  0.12500000  0.00000000       0     -1     -2       0.17434090E+02
  0.00000000  0.12500000  0.00000000       0     -1      2       0.17434090E+02
  0.00000000  0.12500000  0.00000000       1     -1      0       0.17501648E+02
  0.00000000  0.12500000  0.00000000      -1     -1     -1       0.15338159E+02
  0.00000000  0.12500000  0.00000000      -1     -1      1       0.15338159E+02
  0.00000000  0.12500000  0.00000000      -1      0     -2       0.15307260E+02
  0.00000000  0.12500000  0.00000000      -1      0      2       0.15307260E+02
  0.00000000  0.12500000  0.00000000       1     -1     -1       0.15338159E+02
  0.00000000  0.12500000  0.00000000       1     -1      1       0.15338159E+02
  0.00000000  0.12500000  0.00000000       1      0     -2       0.15307260E+02
  0.00000000  0.12500000  0.00000000       1      0      2       0.15307260E+02
  0.00000000  0.12500000  0.00000000      -1      1      0       0.13641378E+02
  0.00000000  0.12500000  0.00000000       0      0     -3       0.19862554E+02
  0.00000000  0.12500000  0.00000000       0      0      3       0.19862554E+02
  0.00000000  0.12500000  0.00000000       0      1     -2       0.13630828E+02
  0.00000000  0.12500000  0.00000000       0      1      2       0.13630828E+02
  0.00000000  0.12500000  0.00000000       1      1      0       0.13641378E+02
  0.00000000  0.12500000  0.00000000      -1      1     -1       0.12287633E+02
  0.00000000  0.12500000  0.00000000      -1      1      1       0.12287633E+02
  0.00000000  0.12500000  0.00000000       1      1     -1       0.12287633E+02
  0.00000000  0.12500000  0.00000000       1      1      1       0.12287633E+02
  0.00000000  0.12500000  0.00000000      -1     -1     -2       0.11173368E+02
  0.00000000  0.12500000  0.00000000      -1     -1      2       0.11173368E+02
  0.00000000  0.12500000  0.00000000       1     -1     -2       0.11173368E+02
  0.00000000  0.12500000  0.00000000       1     -1      2       0.11173368E+02
  0.00000000  0.12500000  0.00000000       0     -1     -3       0.10291485E+02
  0.00000000  0.12500000  0.00000000       0     -1      3       0.10291485E+02
  0.00000000  0.12500000  0.00000000      -1      0     -3       0.94816850E+01
  0.00000000  0.12500000  0.00000000      -1      0      3       0.94816850E+01
  0.00000000  0.12500000  0.00000000      -1      1     -2       0.94641141E+01
  0.00000000  0.12500000  0.00000000      -1      1      2       0.94641141E+01
  0.00000000  0.12500000  0.00000000       1      0     -3       0.94816850E+01
  0.00000000  0.12500000  0.00000000       1      0      3       0.94816850E+01
  0.00000000  0.12500000  0.00000000       1      1     -2       0.94641141E+01
  0.00000000  0.12500000  0.00000000       1      1      2       0.94641141E+01
  0.00000000  0.12500000  0.00000000       0     -2      0       0.87917299E+01
  0.00000000  0.12500000  0.00000000       0      1     -3       0.87992828E+01
  0.00000000  0.12500000  0.00000000       0      1      3       0.87992828E+01
  0.00000000  0.25000000  0.00000000       0      0      0       0.39173412E+03
  0.00000000  0.25000000  0.00000000       0      0     -1       0.11946861E+03
  0.00000000  0.25000000  0.00000000       0      0      1       0.11946861E+03
  0.00000000  0.25000000  0.00000000       0     -1      0       0.54455112E+02
  0.00000000  0.25000000  0.00000000       0     -1     -1       0.38383167E+02
  0.00000000  0.25000000  0.00000000       0     -1      1       0.38383167E+02
  0.00000000  0.25000000  0.00000000      -1      0      0       0.29045732E+02
  0.00000000  0.25000000  0.00000000       0      0     -2       0.23043183E+02
  0.00000000  0.25000000  0.00000000       0      0      2       0.23043183E+02
  0.00000000  0.25000000  0.00000000       1      0      0       0.29045732E+02
  0.00000000  0.25000000  0.00000000      -1      0     -1       0.23585701E+02
  0.00000000  0.25000000  0.00000000      -1      0      1       0.23585701E+02
  0.00000000  0.25000000  0.00000000       1      0     -1       0.23585701E+02
  0.00000000  0.25000000  0.00000000       1      0      1       0.23585701E+02
  0.00000000  0.25000000  0.00000000      -1     -1      0       0.19773864E+02
  0.00000000  0.25000000  0.00000000       0     -1     -2       0.19603840E+02
  0.00000000  0.25000000  0.00000000       0     -1      2       0.19603840E+02
  0.00000000  0.25000000  0.00000000       0      1      0       0.19773864E+02
  0.00000000  0.25000000  0.00000000       1     -1      0       0.19773864E+02
  0.00000000  0.25000000  0.00000000      -1     -1     -1       0.17059675E+02
  0.00000000  0.25000000  0.00000000      -1     -1      1       0.17059675E+02
  0.00000000  0.25000000  0.00000000       0      1     -1       0.17059675E+02
  0.00000000  0.25000000  0.00000000       0      1      1       0.17059675E+02
  0.00000000  0.25000000  0.00000000       1     -1     -1       0.17059675E+02
  0.00000000  0.25000000  0.00000000       1     -1      1       0.17059675E+02
  0.00000000  0.25000000  0.00000000      -1      0     -2       0.14962953E+02
  0.00000000  0.25000000  0.00000000      -1      0      2       0.14962953E+02
  0.00000000  0.25000000  0.00000000       1      0     -2       0.14962953E+02
  0.00000000  0.25000000  0.00000000       1      0      2       0.14962953E+02
  0.00000000  0.25000000  0.00000000       0      0     -3       0.16144407E+02
  0.00000000  0.25000000  0.00000000       0      0      3       0.16144407E+02
  0.00000000  0.25000000  0.00000000      -1     -1     -2       0.12057234E+02
  0.00000000  0.25000000  0.00000000      -1     -1      2       0.12057234E+02
  0.00000000  0.25000000  0.00000000      -1      1      0       0.12061400E+02
  0.00000000  0.25000000  0.00000000       0      1     -2       0.12057234E+02
  0.00000000  0.25000000  0.00000000       0      1      2       0.12057234E+02
  0.00000000  0.25000000  0.00000000       1     -1     -2       0.12057234E+02
  0.00000000  0.25000000  0.00000000       1     -1      2       0.12057234E+02
  0.00000000  0.25000000  0.00000000       1      1      0       0.12061400E+02
  0.00000000  0.25000000  0.00000000      -1      1     -1       0.10990217E+02
  0.00000000  0.25000000  0.00000000      -1      1      1       0.10990217E+02
  0.00000000  0.25000000  0.00000000       0     -1     -3       0.11088470E+02
  0.00000000  0.25000000  0.00000000       0     -1      3       0.11088470E+02
  0.00000000  0.25000000  0.00000000       1      1     -1       0.10990217E+02
  0.00000000  0.25000000  0.00000000       1      1      1       0.10990217E+02
  0.00000000  0.25000000  0.00000000       0     -2      0       0.10092455E+02
  0.00000000  0.25000000  0.00000000      -1      0     -3       0.93452779E+01
  0.00000000  0.25000000  0.00000000      -1      0      3       0.93452779E+01
  0.00000000  0.25000000  0.00000000       0     -2     -1       0.93310733E+01
  0.00000000  0.25000000  0.00000000       0     -2      1       0.93310733E+01
  0.00000000  0.25000000  0.00000000       1      0     -3       0.93452779E+01
  0.00000000  0.25000000  0.00000000       1      0      3       0.93452779E+01
  0.00000000  0.25000000  0.00000000      -1      1     -2       0.86757439E+01
  0.00000000  0.25000000  0.00000000      -1      1      2       0.86757439E+01
  0.00000000  0.25000000  0.00000000       1      1     -2       0.86757439E+01
  0.00000000  0.25000000  0.00000000       1      1      2       0.86757439E+01
  0.00000000  0.37500000  0.00000000       0      0      0       0.19896272E+03
  0.00000000  0.37500000  0.00000000       0     -1      0       0.77567161E+02
  0.00000000  0.37500000  0.00000000       0      0     -1       0.86625771E+02
  0.00000000  0.37500000  0.00000000       0      0      1       0.86625771E+02
  0.00000000  0.37500000  0.00000000       0     -1     -1       0.49198285E+02
  0.00000000  0.37500000  0.00000000       0     -1      1       0.49198285E+02
  0.00000000  0.37500000  0.00000000      -1      0      0       0.27064996E+02
  0.00000000  0.37500000  0.00000000       0      0     -2       0.24529650E+02
  0.00000000  0.37500000  0.00000000       0      0      2       0.24529650E+02
  0.00000000  0.37500000  0.00000000       1      0      0       0.27064996E+02
  0.00000000  0.37500000  0.00000000      -1     -1      0       0.22212995E+02
  0.00000000  0.37500000  0.00000000      -1      0     -1       0.22253528E+02
  0.00000000  0.37500000  0.00000000      -1      0      1       0.22253528E+02
  0.00000000  0.37500000  0.00000000       0     -1     -2       0.21788528E+02
  0.00000000  0.37500000  0.00000000       0     -1      2       0.21788528E+02
  0.00000000  0.37500000  0.00000000       1     -1      0       0.22212995E+02
  0.00000000  0.37500000  0.00000000       1      0     -1       0.22253528E+02
  0.00000000  0.37500000  0.00000000       1      0      1       0.22253528E+02
  0.00000000  0.37500000  0.00000000      -1     -1     -1       0.18850973E+02
  0.00000000  0.37500000  0.00000000      -1     -1      1       0.18850973E+02
  0.00000000  0.37500000  0.00000000       1     -1     -1       0.18850973E+02
  0.00000000  0.37500000  0.00000000       1     -1      1       0.18850973E+02
  0.00000000  0.37500000  0.00000000       0      1      0       0.16345489E+02
  0.00000000  0.37500000  0.00000000      -1      0     -2       0.14421494E+02
  0.00000000  0.37500000  0.00000000      -1      0      2       0.14421494E+02
  0.00000000  0.37500000  0.00000000       0      1     -1       0.14441639E+02
  0.00000000  0.37500000  0.00000000       0      1      1       0.14441639E+02
  0.00000000  0.37500000  0.00000000       1      0     -2       0.14421494E+02
  0.00000000  0.37500000  0.00000000       1      0      2       0.14421494E+02
  0.00000000  0.37500000  0.00000000      -1     -1     -2       0.12921285E+02
  0.00000000  0.37500000  0.00000000      -1     -1      2       0.12921285E+02
  0.00000000  0.37500000  0.00000000       0      0     -3       0.14154538E+02
  0.00000000  0.37500000  0.00000000       0      0      3       0.14154538E+02
  0.00000000  0.37500000  0.00000000       1     -1     -2       0.12921285E+02
  0.00000000  0.37500000  0.00000000       1     -1      2       0.12921285E+02
  0.00000000  0.37500000  0.00000000       0     -2      0       0.11704625E+02
  0.00000000  0.37500000  0.00000000       0     -1     -3       0.11935679E+02
  0.00000000  0.37500000  0.00000000       0     -1      3       0.11935679E+02
  0.00000000  0.37500000  0.00000000      -1      1      0       0.10692481E+02
  0.00000000  0.37500000  0.00000000       0     -2     -1       0.10693120E+02
  0.00000000  0.37500000  0.00000000       0     -2      1       0.10693120E+02
  0.00000000  0.37500000  0.00000000       0      1     -2       0.10690834E+02
  0.00000000  0.37500000  0.00000000       0      1      2       0.10690834E+02
  0.00000000  0.37500000  0.00000000       1      1      0       0.10692481E+02
  0.00000000  0.37500000  0.00000000      -1      1     -1       0.98417897E+01
  0.00000000  0.37500000  0.00000000      -1      1      1       0.98417897E+01
  0.00000000  0.37500000  0.00000000       1      1     -1       0.98417897E+01
  0.00000000  0.37500000  0.00000000       1      1      1       0.98417897E+01
  0.00000000  0.37500000  0.00000000      -1      0     -3       0.91270230E+01
  0.00000000  0.37500000  0.00000000      -1      0      3       0.91270230E+01
  0.00000000  0.37500000  0.00000000       1      0     -3       0.91270230E+01
  0.00000000  0.37500000  0.00000000       1      0      3       0.91270230E+01
  0.00000000  0.37500000  0.00000000      -1     -2      0       0.84898801E+01
  0.00000000  0.37500000  0.00000000      -1     -1     -3       0.84950736E+01
  0.00000000  0.37500000  0.00000000      -1     -1      3       0.84950736E+01
  0.00000000  0.37500000  0.00000000       0     -2     -2       0.84896205E+01
  0.00000000  0.37500000  0.00000000       0     -2      2       0.84896205E+01
  0.00000000  0.37500000  0.00000000       1     -2      0       0.84898801E+01
  0.00000000  0.37500000  0.00000000       1     -1     -3       0.84950736E+01
  0.00000000  0.37500000  0.00000000       1     -1      3       0.84950736E+01
  0.00000000  0.50000000  0.00000000       0     -1      0       0.11829191E+03
  0.00000000  0.50000000  0.00000000       0      0      0       0.11829191E+03
  0.00000000  0.50000000  0.00000000       0     -1     -1       0.64488692E+02
  0.00000000  0.50000000  0.00000000       0     -1      1       0.64488692E+02
  0.00000000  0.50000000  0.00000000       0      0     -1       0.64488692E+02
  0.00000000  0.50000000  0.00000000       0      0      1       0.64488692E+02
  0.00000000  0.50000000  0.00000000      -1     -1      0       0.24704934E+02
  0.00000000  0.50000000  0.00000000      -1      0      0       0.24704934E+02
  0.00000000  0.50000000  0.00000000       0     -1     -2       0.23658382E+02
  0.00000000  0.50000000  0.00000000       0     -1      2       0.23658382E+02
  0.00000000  0.50000000  0.00000000       0      0     -2       0.23658382E+02
  0.00000000  0.50000000  0.00000000       0      0      2       0.23658382E+02
  0.00000000  0.50000000  0.00000000       1     -1      0       0.24704934E+02
  0.00000000  0.50000000  0.00000000       1      0      0       0.24704934E+02
  0.00000000  0.50000000  0.00000000      -1     -1     -1       0.20624104E+02
  0.00000000  0.50000000  0.00000000      -1     -1      1       0.20624104E+02
  0.00000000  0.50000000  0.00000000      -1      0     -1       0.20624104E+02
  0.00000000  0.50000000  0.00000000      -1      0      1       0.20624104E+02
  0.00000000  0.50000000  0.00000000       1     -1     -1       0.20624104E+02
  0.00000000  0.50000000  0.00000000       1     -1      1       0.20624104E+02
  0.00000000  0.50000000  0.00000000       1      0     -1       0.20624104E+02
  0.00000000  0.50000000  0.00000000       1      0      1       0.20624104E+02
  0.00000000  0.50000000  0.00000000      -1     -1     -2       0.13724963E+02
  0.00000000  0.50000000  0.00000000      -1     -1      2       0.13724963E+02
  0.00000000  0.50000000  0.00000000      -1      0     -2       0.13724963E+02
  0.00000000  0.50000000  0.00000000      -1      0      2       0.13724963E+02
  0.00000000  0.50000000  0.00000000       0     -2      0       0.13736074E+02
  0.00000000  0.50000000  0.00000000       0      1      0       0.13736074E+02
  0.00000000  0.50000000  0.00000000       1     -1     -2       0.13724963E+02
  0.00000000  0.50000000  0.00000000       1     -1      2       0.13724963E+02
  0.00000000  0.50000000  0.00000000       1      0     -2       0.13724963E+02
  0.00000000  0.50000000  0.00000000       1      0      2       0.13724963E+02
  0.00000000  0.50000000  0.00000000       0     -2     -1       0.12364462E+02
  0.00000000  0.50000000  0.00000000       0     -2      1       0.12364462E+02
  0.00000000  0.50000000  0.00000000       0     -1     -3       0.12897738E+02
  0.00000000  0.50000000  0.00000000       0     -1      3       0.12897738E+02
  0.00000000  0.50000000  0.00000000       0      0     -3       0.12897738E+02
  0.00000000  0.50000000  0.00000000       0      0      3       0.12897738E+02
  0.00000000  0.50000000  0.00000000       0      1     -1       0.12364462E+02
  0.00000000  0.50000000  0.00000000       0      1      1       0.12364462E+02
  0.00000000  0.50000000  0.00000000      -1     -2      0       0.95102429E+01
  0.00000000  0.50000000  0.00000000      -1      1      0       0.95102429E+01
  0.00000000  0.50000000  0.00000000       0     -2     -2       0.95095900E+01
  0.00000000  0.50000000  0.00000000       0     -2      2       0.95095900E+01
  0.00000000  0.50000000  0.00000000       0      1     -2       0.95095900E+01
  0.00000000  0.50000000  0.00000000       0      1      2       0.95095900E+01
  0.00000000  0.50000000  0.00000000       1     -2      0       0.95102429E+01
  0.00000000  0.50000000  0.00000000       1      1      0       0.95102429E+01
  0.00000000  0.50000000  0.00000000      -1     -2     -1       0.88311525E+01
  0.00000000  0.50000000  0.00000000      -1     -2      1       0.88311525E+01
  0.00000000  0.50000000  0.00000000      -1     -1     -3       0.88389017E+01
  0.00000000  0.50000000  0.00000000      -1     -1      3       0.88389017E+01
  0.00000000  0.50000000  0.00000000      -1      0     -3       0.88389017E+01
  0.00000000  0.50000000  0.00000000      -1      0      3       0.88389017E+01
  0.00000000  0.50000000  0.00000000      -1      1     -1       0.88311525E+01
  0.00000000  0.50000000  0.00000000      -1      1      1       0.88311525E+01
  0.00000000  0.50000000  0.00000000       1     -2     -1       0.88311525E+01
  0.00000000  0.50000000  0.00000000       1     -2      1       0.88311525E+01
  0.00000000  0.50000000  0.00000000       1     -1     -3       0.88389017E+01
  0.00000000  0.50000000  0.00000000       1     -1      3       0.88389017E+01
  0.00000000  0.50000000  0.00000000       1      0     -3       0.88389017E+01
  0.00000000  0.50000000  0.00000000       1      0      3       0.88389017E+01
  0.00000000  0.50000000  0.00000000       1      1     -1       0.88311525E+01
  0.00000000  0.50000000  0.00000000       1      1      1       0.88311525E+01
  0.12500000  0.50000000  0.00000000       0     -1      0       0.11179698E+03
  0.12500000  0.50000000  0.00000000       0      0      0       0.11179698E+03
  0.12500000  0.50000000  0.00000000       0     -1     -1       0.62295757E+02
  0.12500000  0.50000000  0.00000000       0     -1      1       0.62295757E+02
  0.12500000  0.50000000  0.00000000       0      0     -1       0.62295757E+02
  0.12500000  0.50000000  0.00000000       0      0      1       0.62295757E+02
  0.12500000  0.50000000  0.00000000      -1     -1      0       0.30379024E+02
  0.12500000  0.50000000  0.00000000      -1      0      0       0.30379024E+02
  0.12500000  0.50000000  0.00000000      -1     -1     -1       0.24465088E+02
  0.12500000  0.50000000  0.00000000      -1     -1      1       0.24465088E+02
  0.12500000  0.50000000  0.00000000      -1      0     -1       0.24465088E+02
  0.12500000  0.50000000  0.00000000      -1      0      1       0.24465088E+02
  0.12500000  0.50000000  0.00000000       0     -1     -2       0.23463564E+02
  0.12500000  0.50000000  0.00000000       0     -1      2       0.23463564E+02
  0.12500000  0.50000000  0.00000000       0      0     -2       0.23463564E+02
  0.12500000  0.50000000  0.00000000       0      0      2       0.23463564E+02
  0.12500000  0.50000000  0.00000000       1     -1      0       0.20384429E+02
  0.12500000  0.50000000  0.00000000       1      0      0       0.20384429E+02
  0.12500000  0.50000000  0.00000000       1     -1     -1       0.17513443E+02
  0.12500000  0.50000000  0.00000000       1     -1      1       0.17513443E+02
  0.12500000  0.50000000  0.00000000       1      0     -1       0.17513443E+02
  0.12500000  0.50000000  0.00000000       1      0      1       0.17513443E+02
  0.12500000  0.50000000  0.00000000      -1     -1     -2       0.15307260E+02
  0.12500000  0.50000000  0.00000000      -1     -1      2       0.15307260E+02
  0.12500000  0.50000000  0.00000000      -1      0     -2       0.15307260E+02
  0.12500000  0.50000000  0.00000000      -1      0      2       0.15307260E+02
  0.12500000  0.50000000  0.00000000       0     -2      0       0.13641378E+02
  0.12500000  0.50000000  0.00000000       0      1      0       0.13641378E+02
  0.12500000  0.50000000  0.00000000       0     -2     -1       0.12287633E+02
  0.12500000  0.50000000  0.00000000       0     -2      1       0.12287633E+02
  0.12500000  0.50000000  0.00000000       0     -1     -3       0.12768696E+02
  0.12500000  0.50000000  0.00000000       0     -1      3       0.12768696E+02
  0.12500000  0.50000000  0.00000000       0      0     -3       0.12768696E+02
  0.12500000  0.50000000  0.00000000       0      0      3       0.12768696E+02
  0.12500000  0.50000000  0.00000000       0      1     -1       0.12287633E+02
  0.12500000  0.50000000  0.00000000       0      1      1       0.12287633E+02
  0.12500000  0.50000000  0.00000000       1     -1     -2       0.12281302E+02
  0.12500000  0.50000000  0.00000000       1     -1      2       0.12281302E+02
  0.12500000  0.50000000  0.00000000       1      0     -2       0.12281302E+02
  0.12500000  0.50000000  0.00000000       1      0      2       0.12281302E+02
  0.12500000  0.50000000  0.00000000      -1     -2      0       0.10249317E+02
  0.12500000  0.50000000  0.00000000      -1      1      0       0.10249317E+02
  0.12500000  0.50000000  0.00000000      -1     -2     -1       0.94650261E+01
  0.12500000  0.50000000  0.00000000      -1     -2      1       0.94650261E+01
  0.12500000  0.50000000  0.00000000      -1     -1     -3       0.94816850E+01
  0.12500000  0.50000000  0.00000000      -1     -1      3       0.94816850E+01
  0.12500000  0.50000000  0.00000000      -1      0     -3       0.94816850E+01
  0.12500000  0.50000000  0.00000000      -1      0      3       0.94816850E+01
  0.12500000  0.50000000  0.00000000      -1      1     -1       0.94650261E+01
  0.12500000  0.50000000  0.00000000      -1      1      1       0.94650261E+01
  0.12500000  0.50000000  0.00000000       0     -2     -2       0.94641141E+01
  0.12500000  0.50000000  0.00000000       0     -2      2       0.94641141E+01
  0.12500000  0.50000000  0.00000000       0      1     -2       0.94641141E+01
  0.12500000  0.50000000  0.00000000       0      1      2       0.94641141E+01
  0.12500000  0.50000000  0.00000000       1     -2      0       0.87917299E+01
  0.12500000  0.50000000  0.00000000       1      1      0       0.87917299E+01
  0.25000000  0.50000000  0.00000000       0     -1      0       0.95957792E+02
  0.25000000  0.50000000  0.00000000       0      0      0       0.95957792E+02
  0.25000000  0.50000000  0.00000000       0     -1     -1       0.56587579E+02
  0.25000000  0.50000000  0.00000000       0     -1      1       0.56587579E+02
  0.25000000  0.50000000  0.00000000       0      0     -1       0.56587579E+02
  0.25000000  0.50000000  0.00000000       0      0      1       0.56587579E+02
  0.25000000  0.50000000  0.00000000      -1     -1      0       0.37909424E+02
  0.25000000  0.50000000  0.00000000      -1      0      0       0.37909424E+02
  0.25000000  0.50000000  0.00000000      -1     -1     -1       0.29191451E+02
  0.25000000  0.50000000  0.00000000      -1     -1      1       0.29191451E+02
  0.25000000  0.50000000  0.00000000      -1      0     -1       0.29191451E+02
  0.25000000  0.50000000  0.00000000      -1      0      1       0.29191451E+02
  0.25000000  0.50000000  0.00000000       0     -1     -2       0.22847093E+02
  0.25000000  0.50000000  0.00000000       0     -1      2       0.22847093E+02
  0.25000000  0.50000000  0.00000000       0      0     -2       0.22847093E+02
  0.25000000  0.50000000  0.00000000       0      0      2       0.22847093E+02
  0.25000000  0.50000000  0.00000000      -1     -1     -2       0.16993880E+02
  0.25000000  0.50000000  0.00000000      -1     -1      2       0.16993880E+02
  0.25000000  0.50000000  0.00000000      -1      0     -2       0.16993880E+02
  0.25000000  0.50000000  0.00000000      -1      0      2       0.16993880E+02
  0.25000000  0.50000000  0.00000000       1     -1      0       0.17049440E+02
  0.25000000  0.50000000  0.00000000       1      0      0       0.17049440E+02
  0.25000000  0.50000000  0.00000000       1     -1     -1       0.14989195E+02
  0.25000000  0.50000000  0.00000000       1     -1      1       0.14989195E+02
  0.25000000  0.50000000  0.00000000       1      0     -1       0.14989195E+02
  0.25000000  0.50000000  0.00000000       1      0      1       0.14989195E+02
  0.25000000  0.50000000  0.00000000       0     -2      0       0.13364961E+02
  0.25000000  0.50000000  0.00000000       0      1      0       0.13364961E+02
  0.25000000  0.50000000  0.00000000       0     -2     -1       0.12062772E+02
  0.25000000  0.50000000  0.00000000       0     -2      1       0.12062772E+02
  0.25000000  0.50000000  0.00000000       0     -1     -3       0.12421664E+02
  0.25000000  0.50000000  0.00000000       0     -1      3       0.12421664E+02
  0.25000000  0.50000000  0.00000000       0      0     -3       0.12421664E+02
  0.25000000  0.50000000  0.00000000       0      0      3       0.12421664E+02
  0.25000000  0.50000000  0.00000000       0      1     -1       0.12062772E+02
  0.25000000  0.50000000  0.00000000       0      1      1       0.12062772E+02
  0.25000000  0.50000000  0.00000000      -1     -2      0       0.10989455E+02
  0.25000000  0.50000000  0.00000000      -1      1      0       0.10989455E+02
  0.25000000  0.50000000  0.00000000       1     -1     -2       0.10987417E+02
  0.25000000  0.50000000  0.00000000       1     -1      2       0.10987417E+02
  0.25000000  0.50000000  0.00000000       1      0     -2       0.10987417E+02
  0.25000000  0.50000000  0.00000000       1      0      2       0.10987417E+02
  0.25000000  0.50000000  0.00000000      -1     -2     -1       0.10092892E+02
  0.25000000  0.50000000  0.00000000      -1     -2      1       0.10092892E+02
  0.25000000  0.50000000  0.00000000      -1     -1     -3       0.10127646E+02
  0.25000000  0.50000000  0.00000000      -1     -1      3       0.10127646E+02
  0.25000000  0.50000000  0.00000000      -1      0     -3       0.10127646E+02
  0.25000000  0.50000000  0.00000000      -1      0      3       0.10127646E+02
  0.25000000  0.50000000  0.00000000      -1      1     -1       0.10092892E+02
  0.25000000  0.50000000  0.00000000      -1      1      1       0.10092892E+02
  0.25000000  0.50000000  0.00000000      -2     -1      0       0.93308159E+01
  0.25000000  0.50000000  0.00000000      -2      0      0       0.93308159E+01
  0.25000000  0.50000000  0.00000000       0     -2     -2       0.93302555E+01
  0.25000000  0.50000000  0.00000000       0     -2      2       0.93302555E+01
  0.25000000  0.50000000  0.00000000       0      1     -2       0.93302555E+01
  0.25000000  0.50000000  0.00000000       0      1      2       0.93302555E+01
  0.25000000  0.50000000  0.00000000      -2     -1     -1       0.86762093E+01
  0.25000000  0.50000000  0.00000000      -2     -1      1       0.86762093E+01
  0.25000000  0.50000000  0.00000000      -2      0     -1       0.86762093E+01
  0.25000000  0.50000000  0.00000000      -2      0      1       0.86762093E+01
  0.37500000  0.50000000  0.00000000       0     -1      0       0.77567161E+02
  0.37500000  0.50000000  0.00000000       0      0      0       0.77567161E+02
  0.37500000  0.50000000  0.00000000      -1     -1      0       0.47931870E+02
  0.37500000  0.50000000  0.00000000      -1      0      0       0.47931870E+02
  0.37500000  0.50000000  0.00000000       0     -1     -1       0.49198285E+02
  0.37500000  0.50000000  0.00000000       0     -1      1       0.49198285E+02
  0.37500000  0.50000000  0.00000000       0      0     -1       0.49198285E+02
  0.37500000  0.50000000  0.00000000       0      0      1       0.49198285E+02
  0.37500000  0.50000000  0.00000000      -1     -1     -1       0.34931615E+02
  0.37500000  0.50000000  0.00000000      -1     -1      1       0.34931615E+02
  0.37500000  0.50000000  0.00000000      -1      0     -1       0.34931615E+02
  0.37500000  0.50000000  0.00000000      -1      0      1       0.34931615E+02
  0.37500000  0.50000000  0.00000000       0     -1     -2       0.21788528E+02
  0.37500000  0.50000000  0.00000000       0     -1      2       0.21788528E+02
  0.37500000  0.50000000  0.00000000       0      0     -2       0.21788528E+02
  0.37500000  0.50000000  0.00000000       0      0      2       0.21788528E+02
  0.37500000  0.50000000  0.00000000      -1     -1     -2       0.18716254E+02
  0.37500000  0.50000000  0.00000000      -1     -1      2       0.18716254E+02
  0.37500000  0.50000000  0.00000000      -1      0     -2       0.18716254E+02
  0.37500000  0.50000000  0.00000000      -1      0      2       0.18716254E+02
  0.37500000  0.50000000  0.00000000       1     -1      0       0.14437613E+02
  0.37500000  0.50000000  0.00000000       1      0      0       0.14437613E+02
  0.37500000  0.50000000  0.00000000       0     -2      0       0.12928333E+02
  0.37500000  0.50000000  0.00000000       0      1      0       0.12928333E+02
  0.37500000  0.50000000  0.00000000       1     -1     -1       0.12930429E+02
  0.37500000  0.50000000  0.00000000       1     -1      1       0.12930429E+02
  0.37500000  0.50000000  0.00000000       1      0     -1       0.12930429E+02
  0.37500000  0.50000000  0.00000000       1      0      1       0.12930429E+02
  0.37500000  0.50000000  0.00000000      -1     -2      0       0.11704625E+02
  0.37500000  0.50000000  0.00000000      -1      1      0       0.11704625E+02
  0.37500000  0.50000000  0.00000000       0     -2     -1       0.11705762E+02
  0.37500000  0.50000000  0.00000000       0     -2      1       0.11705762E+02
  0.37500000  0.50000000  0.00000000       0     -1     -3       0.11935679E+02
  0.37500000  0.50000000  0.00000000       0     -1      3       0.11935679E+02
  0.37500000  0.50000000  0.00000000       0      0     -3       0.11935679E+02
  0.37500000  0.50000000  0.00000000       0      0      3       0.11935679E+02
  0.37500000  0.50000000  0.00000000       0      1     -1       0.11705762E+02
  0.37500000  0.50000000  0.00000000       0      1      1       0.11705762E+02
  0.37500000  0.50000000  0.00000000      -2     -1      0       0.10692481E+02
  0.37500000  0.50000000  0.00000000      -2      0      0       0.10692481E+02
  0.37500000  0.50000000  0.00000000      -1     -2     -1       0.10693120E+02
  0.37500000  0.50000000  0.00000000      -1     -2      1       0.10693120E+02
  0.37500000  0.50000000  0.00000000      -1     -1     -3       0.10762714E+02
  0.37500000  0.50000000  0.00000000      -1     -1      3       0.10762714E+02
  0.37500000  0.50000000  0.00000000      -1      0     -3       0.10762714E+02
  0.37500000  0.50000000  0.00000000      -1      0      3       0.10762714E+02
  0.37500000  0.50000000  0.00000000      -1      1     -1       0.10693120E+02
  0.37500000  0.50000000  0.00000000      -1      1      1       0.10693120E+02
  0.37500000  0.50000000  0.00000000      -2     -1     -1       0.98417897E+01
  0.37500000  0.50000000  0.00000000      -2     -1      1       0.98417897E+01
  0.37500000  0.50000000  0.00000000      -2      0     -1       0.98417897E+01
  0.37500000  0.50000000  0.00000000      -2      0      1       0.98417897E+01
  0.37500000  0.50000000  0.00000000       1     -1     -2       0.98405624E+01
  0.37500000  0.50000000  0.00000000       1     -1      2       0.98405624E+01
  0.37500000  0.50000000  0.00000000       1      0     -2       0.98405624E+01
  0.37500000  0.50000000  0.00000000       1      0      2       0.98405624E+01
  0.37500000  0.50000000  0.00000000       0     -2     -2       0.91153682E+01
  0.37500000  0.50000000  0.00000000       0     -2      2       0.91153682E+01
  0.37500000  0.50000000  0.00000000       0      1     -2       0.91153682E+01
  0.37500000  0.50000000  0.00000000       0      1      2       0.91153682E+01
  0.37500000  0.50000000  0.00000000      -1     -2     -2       0.84896205E+01
  0.37500000  0.50000000  0.00000000      -1     -2      2       0.84896205E+01
  0.37500000  0.50000000  0.00000000      -1      1     -2       0.84896205E+01
  0.37500000  0.50000000  0.00000000      -1      1      2       0.84896205E+01
  0.50000000  0.50000000  0.00000000      -1     -1      0       0.61090229E+02
  0.50000000  0.50000000  0.00000000      -1      0      0       0.61090229E+02
  0.50000000  0.50000000  0.00000000       0     -1      0       0.61090229E+02
  0.50000000  0.50000000  0.00000000       0      0      0       0.61090229E+02
  0.50000000  0.50000000  0.00000000      -1     -1     -1       0.41696278E+02
  0.50000000  0.50000000  0.00000000      -1     -1      1       0.41696278E+02
  0.50000000  0.50000000  0.00000000      -1      0     -1       0.41696278E+02
  0.50000000  0.50000000  0.00000000      -1      0      1       0.41696278E+02
  0.50000000  0.50000000  0.00000000       0     -1     -1       0.41696278E+02
  0.50000000  0.50000000  0.00000000       0     -1      1       0.41696278E+02
  0.50000000  0.50000000  0.00000000       0      0     -1       0.41696278E+02
  0.50000000  0.50000000  0.00000000       0      0      1       0.41696278E+02
  0.50000000  0.50000000  0.00000000      -1     -1     -2       0.20363410E+02
  0.50000000  0.50000000  0.00000000      -1     -1      2       0.20363410E+02
  0.50000000  0.50000000  0.00000000      -1      0     -2       0.20363410E+02
  0.50000000  0.50000000  0.00000000      -1      0      2       0.20363410E+02
  0.50000000  0.50000000  0.00000000       0     -1     -2       0.20363410E+02
  0.50000000  0.50000000  0.00000000       0     -1      2       0.20363410E+02
  0.50000000  0.50000000  0.00000000       0      0     -2       0.20363410E+02
  0.50000000  0.50000000  0.00000000       0      0      2       0.20363410E+02
  0.50000000  0.50000000  0.00000000      -2     -1      0       0.12362865E+02
  0.50000000  0.50000000  0.00000000      -2      0      0       0.12362865E+02
  0.50000000  0.50000000  0.00000000      -1     -2      0       0.12362865E+02
  0.50000000  0.50000000  0.00000000      -1      1      0       0.12362865E+02
  0.50000000  0.50000000  0.00000000       0     -2      0       0.12362865E+02
  0.50000000  0.50000000  0.00000000       0      1      0       0.12362865E+02
  0.50000000  0.50000000  0.00000000       1     -1      0       0.12362865E+02
  0.50000000  0.50000000  0.00000000       1      0      0       0.12362865E+02
  0.50000000  0.50000000  0.00000000      -2     -1     -1       0.11240058E+02
  0.50000000  0.50000000  0.00000000      -2     -1      1       0.11240058E+02
  0.50000000  0.50000000  0.00000000      -2      0     -1       0.11240058E+02
  0.50000000  0.50000000  0.00000000      -2      0      1       0.11240058E+02
  0.50000000  0.50000000  0.00000000      -1     -2     -1       0.11240058E+02
  0.50000000  0.50000000  0.00000000      -1     -2      1       0.11240058E+02
  0.50000000  0.50000000  0.00000000      -1     -1     -3       0.11371712E+02
  0.50000000  0.50000000  0.00000000      -1     -1      3       0.11371712E+02
  0.50000000  0.50000000  0.00000000      -1      0     -3       0.11371712E+02
  0.50000000  0.50000000  0.00000000      -1      0      3       0.11371712E+02
  0.50000000  0.50000000  0.00000000      -1      1     -1       0.11240058E+02
  0.50000000  0.50000000  0.00000000      -1      1      1       0.11240058E+02
  0.50000000  0.50000000  0.00000000       0     -2     -1       0.11240058E+02
  0.50000000  0.50000000  0.00000000       0     -2      1       0.11240058E+02
  0.50000000  0.50000000  0.00000000       0     -1     -3       0.11371712E+02
  0.50000000  0.50000000  0.00000000       0     -1      3       0.11371712E+02
  0.50000000  0.50000000  0.00000000       0      0     -3       0.11371712E+02
  0.50000000  0.50000000  0.00000000       0      0      3       0.11371712E+02
  0.50000000  0.50000000  0.00000000       0      1     -1       0.11240058E+02
  0.50000000  0.50000000  0.00000000       0      1      1       0.11240058E+02
  0.50000000  0.50000000  0.00000000       1     -1     -1       0.11240058E+02
  0.50000000  0.50000000  0.00000000       1     -1      1       0.11240058E+02
  0.50000000  0.50000000  0.00000000       1      0     -1       0.11240058E+02
  0.50000000  0.50000000  0.00000000       1      0      1       0.11240058E+02
  0.50000000  0.50000000  0.00000000      -2     -1     -2       0.88306182E+01
  0.50000000  0.50000000  0.00000000      -2     -1      2       0.88306182E+01
  0.50000000  0.50000000  0.00000000      -2      0     -2       0.88306182E+01
  0.50000000  0.50000000  0.00000000      -2      0      2       0.88306182E+01
  0.50000000  0.50000000  0.00000000      -1     -2     -2       0.88306182E+01
  0.50000000  0.50000000  0.00000000      -1     -2      2       0.88306182E+01
  0.50000000  0.50000000  0.00000000      -1      1     -2       0.88306182E+01
  0.50000000  0.50000000  0.00000000      -1      1      2       0.88306182E+01
  0.50000000  0.50000000  0.00000000       0     -2     -2       0.88306182E+01
  0.50000000  0.50000000  0.00000000       0     -2      2       0.88306182E+01
  0.50000000  0.50000000  0.00000000       0      1     -2       0.88306182E+01
  0.50000000  0.50000000  0.00000000       0      1      2       0.88306182E+01
  0.50000000  0.50000000  0.00000000       1     -1     -2       0.88306182E+01
  0.50000000  0.50000000  0.00000000       1     -1      2       0.88306182E+01
  0.50000000  0.50000000  0.00000000       1      0     -2       0.88306182E+01
  0.50000000  0.50000000  0.00000000       1      0      2       0.88306182E+01
